0.220679   0.163773   0.064505   0.034378   0.019763   0.011615
0.164352   0.133761   0.057478   0.031256   0.018072   0.010639
0.130262   0.112088   0.051496   0.028460   0.016533   0.009747
0.107291   0.095791   0.046335   0.025946   0.015130   0.008930
0.090683   0.083087   0.041837   0.023677   0.013851   0.008183
0.078062   0.072889   0.037882   0.021625   0.012682   0.007498
         Right part:
0.662037  0.493056  0.390786  0.321872  0.272049  0.234187
error= 0.041187
error_f= 0.010288
x[0]= 3.000069
x[1]= -0.001320
x[2]= 0.071914
x[3]= -1.105474
x[4]= 5.214729
x[5]= -5.983123


0.220679   0.068108   0.034903   0.019853   0.011631   0.006874
0.164352   0.060030   0.031644   0.018139   0.010651   0.006300
0.130262   0.053326   0.028748   0.016583   0.009756   0.009747
0.107291   0.047662   0.026160   0.015167   0.008937   0.008930
0.090683   0.042806   0.023837   0.013879   0.008188   0.008183
0.078062   0.038593   0.021744   0.012703   0.007502   0.007498
         Right part:
0.662037  0.493056  0.390786  0.321872  0.272050  0.234187
error= 0.057877
error_f= 0.010288
x[0]= 2.999944
x[1]= 0.031111
x[2]= -1.019573
x[3]= 6.101596
x[4]= -7.536299
x[5]= 0.000001